version https://git-lfs.github.com/spec/v1
oid sha256:df67e4b94893e2c42566f44d20d1fe8655c56349c5c6068dcc777978bfeadd8e
size 399
